10  [13] 16 21  30  45 | 68
     3  [3]  5   9  15 | 23
         0  [2]  4   6 |  8
             2  [2]  2 |  2
                 0  [0]|  0
				     0 |  0
					   |  0
					   
10  3   0   2   0  0  0


10  13  16  21  30  45  
     3   3   5   9  15
         0   2   4   6
             2   2   2
                 0   0

==========================

0   3   6   9  12  15
    3   3   3   3   3
        0   0   0   0

==========================

1   3   6  10  15  21  28
    2   3   4   5   6   7
        1   1   1   1   1
            0   0   0

